01251
00710
00675
00953
00480
00533
00568
00695
01078
00342
01365
00204
00685
00956
00999
00963
01390
00528
00721
00575
01297
01021
01141
01168
00819
00739
01243
00551
00905
00779
00588
01129
01244
01395
01101
01347
00793
01018
01098
01035
01073
00382
00846
01373
00783
00501
00309
01238
01349
01028
01256
01189
00704
00526
01114
00493
01235
01167
01069
00435
00881
01296
01260
00645
00327
01327
00988
00633
00907
00977
00703
00679
01111
01077
00622
00200
00814
01323
01269
01275
00482
00870
00340
00535
01399
00354
00604
00517
01410
00203
01083
00815
01394
00433
01126
01063
00768
01015
00503
00549
01136
00753
00765
00913
00424
00380
01146
00635
00688
00751
00195
00772
01059
00694
00766
00771
01088
01267
00864
01298
00306
00610
01125
01121
00448
00324
00862
00225
00483
01017
01313
00318
01149
00906
01000
01013
01147
01368
01171
00774
01137
01356
01412
00601
01374
00605
01384
00314
00499
00479
00612
00514
00587
00352
00360
00461
01282
01345
00682
00396
00901
00383
00411
00534
01208
00720
00538
01109
00422
00888
00388
00845
00623
01097
00955
01179
00798
00325
00531
00691
00349
00658
00614
00571
00546
00219
01236
01186
00426
01086
00669
00823
00337
00872
01409
00594
00364
00599
01127
00686
01272
00567
00373
00423
01181
01070
01286
00822
01309
00481
01289
00521
01322
00908
00217
01040
00466
01316
01024
00987
01331
00609
00577
01142
00224
00839
00662
00740
00884
01033
01255
00212
00564
01020
01265
00406
01377
00409
01261
00579
01062
01076
01006
01389
00891
00842
00681
00639
00477
00572
00816
00529
00554
00741
00239
00560
01012
00348
00450
00344
01169
00417
00663
00397
00220
00527
00794
01056
00476
01172
01387
01145
00970
00598
01196
01414
00430
00462
01403
00732
00812
01385
01312
01157
00484
00500
01231
01072
00502
01400
01321
00817
00512
01112
01288
00964
01350
00889
00586
00228
01036
00649
01401
00333
00410
01037
00683
00995
01378
00660
01130
01252
01057
01075
00532
01051
01192
01386
00930
01337
00797
01210
00824
00223
00439
00676
00762
00600
01308
00757
00856
00802
01001
00555
00353
00427
00403
00786
01380
00205
01002
00407
00385
01247
00997
00563
01263
01032
00865
00852
00530
00805
01026
00395
00494
00747
01197
01025
00451
00829
01371
00207
00909
00595
00377
00717
00668
00602
01234
00764
00785
00210
00347
00312
00969
00357
00882
00784
00392
00419
00416
01227
01085
00506
00513
01314
01408
00596
00234
00627
00413
00198
01353
01209
00808
00308
00967
00218
01273
01307
00910
00321
00582
01061
00498
01140
00928
00631
01166
00231
01118
01095
00495
00592
00505
00414
00621
01119
00566
01248
00994
01249
00998
01311
00559
01027
00578
00902
01041
01218
00520
00656
00912
01022
00745
00863
00496
00659
00338
00958
00975
00657
00402
00305
00522
00813
00990
00673
01089
00744
00626
01079
00391
00315
01090
01369
01199
01219
00689
00611
00442
01134
00379
01150
00989
00746
00302
00628
00457
00332
01340
01066
01292
00728
00597
01257
01148
00375
01212
01329
00692
00371
01071
01284
01144
00208
01226
00420
00665
01211
01407
00345
00350
00467
01173
01383
01217
01303
00788
00460
01246
00230
00705
00444
00557
01237
00993
01029
00362
01375
00867
00996
01417
01262
00458
00518
01014
01187
00938
00974
00574
00883
00206
00394
00331
01355
01110
00390
00840
01194
01180
00826
01128
00381
01031
00489
00674
00843
00436
01274
00386
01154
00334
01050
00404
00576
01068
00370
00326
01053
00335
00755
01301
01164
00684
01280
00541
01049
00644
01281
00803
00197
00943
00201
01131
00758
00523
00903
01120
00980
00428
01091
01201
00472
00608
00756
01193
00491
01165
01067
01206
